           t           |xA-xB|
  0.00000000        0.00100000
  0.01000000        0.00100000
  0.02000000        0.00099800
  0.03000000        0.00099700
  0.04000000        0.00099400
  0.05000000        0.00099000
  0.06000000        0.00098600
  0.07000000        0.00098100
  0.08000000        0.00097600
  0.09000000        0.00097000
  0.10000000        0.00096200
  0.11000000        0.00095500
  0.12000000        0.00094700
  0.13000000        0.00093700
  0.14000000        0.00092700
  0.15000000        0.00091700
  0.16000000        0.00090600
  0.17000000        0.00089400
  0.18000000        0.00088200
  0.19000000        0.00086800
  0.20000000        0.00085500
  0.21000000        0.00084000
  0.22000000        0.00082600
  0.23000000        0.00081100
  0.24000000        0.00079400
  0.25000000        0.00077800
  0.26000000        0.00076100
  0.27000000        0.00074400
  0.28000000        0.00072600
  0.29000000        0.00070800
  0.30000000        0.00068900
  0.31000000        0.00067000
  0.32000000        0.00065000
  0.33000000        0.00063000
  0.34000000        0.00061000
  0.35000000        0.00058900
  0.36000000        0.00056900
  0.37000000        0.00054700
  0.38000000        0.00052600
  0.39000000        0.00050300
  0.40000000        0.00048200
  0.41000000        0.00046000
  0.42000000        0.00043600
  0.43000000        0.00041400
  0.44000000        0.00039100
  0.45000000        0.00036700
  0.46000000        0.00034400
  0.47000000        0.00032000
  0.48000000        0.00029700
  0.49000000        0.00027300
  0.50000000        0.00024900
  0.51000000        0.00022500
  0.52000000        0.00020100
  0.53000000        0.00017700
  0.54000000        0.00015300
  0.55000000        0.00012800
  0.56000000        0.00010300
  0.57000000        0.00008000
  0.58000000        0.00005500
  0.59000000        0.00003100
  0.60000000        0.00000500
  0.61000000        0.00001800
  0.62000000        0.00004300
  0.63000000        0.00006800
  0.64000000        0.00009200
  0.65000000        0.00011600
  0.66000000        0.00014100
  0.67000000        0.00016500
  0.68000000        0.00018900
  0.69000000        0.00021400
  0.70000000        0.00023800
  0.71000000        0.00026200
  0.72000000        0.00028600
  0.73000000        0.00031000
  0.74000000        0.00033400
  0.75000000        0.00035800
  0.76000000        0.00038100
  0.77000000        0.00040500
  0.78000000        0.00042900
  0.79000000        0.00045200
  0.80000000        0.00047600
  0.81000000        0.00049900
  0.82000000        0.00052200
  0.83000000        0.00054500
  0.84000000        0.00056800
  0.85000000        0.00059100
  0.86000000        0.00061400
  0.87000000        0.00063600
  0.88000000        0.00066000
  0.89000000        0.00068200
  0.90000000        0.00070400
  0.91000000        0.00072700
  0.92000000        0.00074800
  0.93000000        0.00077100
  0.94000000        0.00079300
  0.95000000        0.00081400
  0.96000000        0.00083600
  0.97000000        0.00085700
  0.98000000        0.00087900
  0.99000000        0.00090100
  1.00000000        0.00092100
  1.01000000        0.00094300
  1.02000000        0.00096400
  1.03000000        0.00098500
  1.04000000        0.00100600
  1.05000000        0.00102700
  1.06000000        0.00104700
  1.07000000        0.00106800
  1.08000000        0.00108800
  1.09000000        0.00110900
  1.10000000        0.00113000
  1.11000000        0.00114900
  1.12000000        0.00116900
  1.13000000        0.00118900
  1.14000000        0.00120900
  1.15000000        0.00122900
  1.16000000        0.00124900
  1.17000000        0.00126800
  1.18000000        0.00128900
  1.19000000        0.00130800
  1.20000000        0.00132700
  1.21000000        0.00134600
  1.22000000        0.00136600
  1.23000000        0.00138500
  1.24000000        0.00140500
  1.25000000        0.00142300
  1.26000000        0.00144300
  1.27000000        0.00146100
  1.28000000        0.00148100
  1.29000000        0.00149900
  1.30000000        0.00151800
  1.31000000        0.00153600
  1.32000000        0.00155500
  1.33000000        0.00157300
  1.34000000        0.00159200
  1.35000000        0.00161100
  1.36000000        0.00162900
  1.37000000        0.00164800
  1.38000000        0.00166600
  1.39000000        0.00168400
  1.40000000        0.00170200
  1.41000000        0.00172100
  1.42000000        0.00173900
  1.43000000        0.00175600
  1.44000000        0.00177500
  1.45000000        0.00179300
  1.46000000        0.00181000
  1.47000000        0.00182800
  1.48000000        0.00184700
  1.49000000        0.00186500
  1.50000000        0.00188200
  1.51000000        0.00190000
  1.52000000        0.00191800
  1.53000000        0.00193600
  1.54000000        0.00195400
  1.55000000        0.00197200
  1.56000000        0.00198900
  1.57000000        0.00200600
  1.58000000        0.00202500
  1.59000000        0.00204200
  1.60000000        0.00206000
  1.61000000        0.00207800
  1.62000000        0.00209500
  1.63000000        0.00211300
  1.64000000        0.00213100
  1.65000000        0.00214800
  1.66000000        0.00216500
  1.67000000        0.00218300
  1.68000000        0.00220100
  1.69000000        0.00221900
  1.70000000        0.00223600
  1.71000000        0.00225300
  1.72000000        0.00227200
  1.73000000        0.00228900
  1.74000000        0.00230600
  1.75000000        0.00232400
  1.76000000        0.00234200
  1.77000000        0.00235900
  1.78000000        0.00237700
  1.79000000        0.00239400
  1.80000000        0.00241200
  1.81000000        0.00243000
  1.82000000        0.00244700
  1.83000000        0.00246500
  1.84000000        0.00248300
  1.85000000        0.00250100
  1.86000000        0.00251800
  1.87000000        0.00253600
  1.88000000        0.00255400
  1.89000000        0.00257200
  1.90000000        0.00259000
  1.91000000        0.00260800
  1.92000000        0.00262500
  1.93000000        0.00264400
  1.94000000        0.00266100
  1.95000000        0.00268000
  1.96000000        0.00269700
  1.97000000        0.00271500
  1.98000000        0.00273400
  1.99000000        0.00275200
  2.00000000        0.00277000
  2.01000000        0.00278800
  2.02000000        0.00280600
  2.03000000        0.00282500
  2.04000000        0.00284300
  2.05000000        0.00286100
  2.06000000        0.00288000
  2.07000000        0.00289800
  2.08000000        0.00291600
  2.09000000        0.00293500
  2.10000000        0.00295300
  2.11000000        0.00297200
  2.12000000        0.00299100
  2.13000000        0.00300900
  2.14000000        0.00302800
  2.15000000        0.00304700
  2.16000000        0.00306600
  2.17000000        0.00308400
  2.18000000        0.00310300
  2.19000000        0.00312200
  2.20000000        0.00314100
  2.21000000        0.00316000
  2.22000000        0.00317900
  2.23000000        0.00319900
  2.24000000        0.00321800
  2.25000000        0.00323700
  2.26000000        0.00325600
  2.27000000        0.00327600
  2.28000000        0.00329600
  2.29000000        0.00331500
  2.30000000        0.00333400
  2.31000000        0.00335400
  2.32000000        0.00337400
  2.33000000        0.00339300
  2.34000000        0.00341400
  2.35000000        0.00343300
  2.36000000        0.00345300
  2.37000000        0.00347300
  2.38000000        0.00349300
  2.39000000        0.00351300
  2.40000000        0.00353300
  2.41000000        0.00355300
  2.42000000        0.00357400
  2.43000000        0.00359400
  2.44000000        0.00361500
  2.45000000        0.00363500
  2.46000000        0.00365600
  2.47000000        0.00367600
  2.48000000        0.00369700
  2.49000000        0.00371800
  2.50000000        0.00373800
  2.51000000        0.00375900
  2.52000000        0.00378100
  2.53000000        0.00380100
  2.54000000        0.00382300
  2.55000000        0.00384400
  2.56000000        0.00386600
  2.57000000        0.00388700
  2.58000000        0.00390800
  2.59000000        0.00393000
  2.60000000        0.00395200
  2.61000000        0.00397400
  2.62000000        0.00399500
  2.63000000        0.00401700
  2.64000000        0.00403900
  2.65000000        0.00406100
  2.66000000        0.00408300
  2.67000000        0.00410500
  2.68000000        0.00412800
  2.69000000        0.00415000
  2.70000000        0.00417300
  2.71000000        0.00419500
  2.72000000        0.00421800
  2.73000000        0.00424000
  2.74000000        0.00426300
  2.75000000        0.00428600
  2.76000000        0.00430900
  2.77000000        0.00433300
  2.78000000        0.00435500
  2.79000000        0.00437800
  2.80000000        0.00440200
  2.81000000        0.00442500
  2.82000000        0.00444900
  2.83000000        0.00447300
  2.84000000        0.00449600
  2.85000000        0.00452000
  2.86000000        0.00454400
  2.87000000        0.00456800
  2.88000000        0.00459200
  2.89000000        0.00461700
  2.90000000        0.00464000
  2.91000000        0.00466500
  2.92000000        0.00468900
  2.93000000        0.00471400
  2.94000000        0.00473900
  2.95000000        0.00476300
  2.96000000        0.00478800
  2.97000000        0.00481300
  2.98000000        0.00483800
  2.99000000        0.00486400
  3.00000000        0.00488800
  3.01000000        0.00491400
  3.02000000        0.00494000
  3.03000000        0.00496500
  3.04000000        0.00499000
  3.05000000        0.00501600
  3.06000000        0.00504300
  3.07000000        0.00506800
  3.08000000        0.00509400
  3.09000000        0.00512000
  3.10000000        0.00514700
  3.11000000        0.00517300
  3.12000000        0.00520000
  3.13000000        0.00522700
  3.14000000        0.00525300
  3.15000000        0.00528000
  3.16000000        0.00530700
  3.17000000        0.00533400
  3.18000000        0.00536100
  3.19000000        0.00538800
  3.20000000        0.00541600
  3.21000000        0.00544300
  3.22000000        0.00547100
  3.23000000        0.00549900
  3.24000000        0.00552600
  3.25000000        0.00555400
  3.26000000        0.00558200
  3.27000000        0.00561000
  3.28000000        0.00563900
  3.29000000        0.00566700
  3.30000000        0.00569500
  3.31000000        0.00572400
  3.32000000        0.00575300
  3.33000000        0.00578200
  3.34000000        0.00581000
  3.35000000        0.00584000
  3.36000000        0.00586900
  3.37000000        0.00589800
  3.38000000        0.00592700
  3.39000000        0.00595700
  3.40000000        0.00598700
  3.41000000        0.00601700
  3.42000000        0.00604600
  3.43000000        0.00607600
  3.44000000        0.00610600
  3.45000000        0.00613600
  3.46000000        0.00616700
  3.47000000        0.00619700
  3.48000000        0.00622800
  3.49000000        0.00625900
  3.50000000        0.00628900
  3.51000000        0.00632100
  3.52000000        0.00635100
  3.53000000        0.00638300
  3.54000000        0.00641400
  3.55000000        0.00644500
  3.56000000        0.00647600
  3.57000000        0.00650800
  3.58000000        0.00654000
  3.59000000        0.00657200
  3.60000000        0.00660400
  3.61000000        0.00663500
  3.62000000        0.00666700
  3.63000000        0.00669900
  3.64000000        0.00673200
  3.65000000        0.00676400
  3.66000000        0.00679700
  3.67000000        0.00683000
  3.68000000        0.00686300
  3.69000000        0.00689500
  3.70000000        0.00692900
  3.71000000        0.00696100
  3.72000000        0.00699400
  3.73000000        0.00702800
  3.74000000        0.00706200
  3.75000000        0.00709500
  3.76000000        0.00712900
  3.77000000        0.00716300
  3.78000000        0.00719700
  3.79000000        0.00723100
  3.80000000        0.00726400
  3.81000000        0.00729900
  3.82000000        0.00733300
  3.83000000        0.00736700
  3.84000000        0.00740200
  3.85000000        0.00743600
  3.86000000        0.00747000
  3.87000000        0.00750500
  3.88000000        0.00753900
  3.89000000        0.00757400
  3.90000000        0.00761000
  3.91000000        0.00764400
  3.92000000        0.00768000
  3.93000000        0.00771400
  3.94000000        0.00775000
  3.95000000        0.00778600
  3.96000000        0.00782000
  3.97000000        0.00785600
  3.98000000        0.00789100
  3.99000000        0.00792700
  4.00000000        0.00796200
  4.01000000        0.00799900
  4.02000000        0.00803400
  4.03000000        0.00807000
  4.04000000        0.00810500
  4.05000000        0.00814200
  4.06000000        0.00817700
  4.07000000        0.00821400
  4.08000000        0.00824900
  4.09000000        0.00828500
  4.10000000        0.00832100
  4.11000000        0.00835700
  4.12000000        0.00839300
  4.13000000        0.00842900
  4.14000000        0.00846500
  4.15000000        0.00850100
  4.16000000        0.00853800
  4.17000000        0.00857400
  4.18000000        0.00861000
  4.19000000        0.00864500
  4.20000000        0.00868100
  4.21000000        0.00871700
  4.22000000        0.00875300
  4.23000000        0.00878900
  4.24000000        0.00882500
  4.25000000        0.00886100
  4.26000000        0.00889700
  4.27000000        0.00893300
  4.28000000        0.00896800
  4.29000000        0.00900300
  4.30000000        0.00903800
  4.31000000        0.00907400
  4.32000000        0.00910900
  4.33000000        0.00914400
  4.34000000        0.00917900
  4.35000000        0.00921400
  4.36000000        0.00924900
  4.37000000        0.00928300
  4.38000000        0.00931700
  4.39000000        0.00935200
  4.40000000        0.00938600
  4.41000000        0.00941900
  4.42000000        0.00945200
  4.43000000        0.00948500
  4.44000000        0.00951800
  4.45000000        0.00955200
  4.46000000        0.00958400
  4.47000000        0.00961700
  4.48000000        0.00964900
  4.49000000        0.00968000
  4.50000000        0.00971100
  4.51000000        0.00974200
  4.52000000        0.00977300
  4.53000000        0.00980400
  4.54000000        0.00983300
  4.55000000        0.00986300
  4.56000000        0.00989100
  4.57000000        0.00992000
  4.58000000        0.00994900
  4.59000000        0.00997700
  4.60000000        0.01000400
  4.61000000        0.01003000
  4.62000000        0.01005600
  4.63000000        0.01008200
  4.64000000        0.01010700
  4.65000000        0.01013200
  4.66000000        0.01015500
  4.67000000        0.01017800
  4.68000000        0.01020100
  4.69000000        0.01022200
  4.70000000        0.01024400
  4.71000000        0.01026400
  4.72000000        0.01028400
  4.73000000        0.01030200
  4.74000000        0.01032000
  4.75000000        0.01033700
  4.76000000        0.01035300
  4.77000000        0.01036800
  4.78000000        0.01038200
  4.79000000        0.01039600
  4.80000000        0.01040800
  4.81000000        0.01041900
  4.82000000        0.01043000
  4.83000000        0.01043800
  4.84000000        0.01044600
  4.85000000        0.01045300
  4.86000000        0.01045700
  4.87000000        0.01046100
  4.88000000        0.01046400
  4.89000000        0.01046500
  4.90000000        0.01046600
  4.91000000        0.01046400
  4.92000000        0.01046000
  4.93000000        0.01045600
  4.94000000        0.01045000
  4.95000000        0.01044200
  4.96000000        0.01043300
  4.97000000        0.01042200
  4.98000000        0.01040800
  4.99000000        0.01039300
  5.00000000        0.01037700
  5.01000000        0.01035800
  5.02000000        0.01033900
  5.03000000        0.01031500
  5.04000000        0.01029100
  5.05000000        0.01026500
  5.06000000        0.01023500
  5.07000000        0.01020400
  5.08000000        0.01017100
  5.09000000        0.01013500
  5.10000000        0.01009700
  5.11000000        0.01005700
  5.12000000        0.01001400
  5.13000000        0.00996700
  5.14000000        0.00992000
  5.15000000        0.00986900
  5.16000000        0.00981500
  5.17000000        0.00975900
  5.18000000        0.00969900
  5.19000000        0.00963700
  5.20000000        0.00957200
  5.21000000        0.00950400
  5.22000000        0.00943300
  5.23000000        0.00935900
  5.24000000        0.00928100
  5.25000000        0.00920100
  5.26000000        0.00911800
  5.27000000        0.00903100
  5.28000000        0.00894000
  5.29000000        0.00884600
  5.30000000        0.00874900
  5.31000000        0.00864900
  5.32000000        0.00854400
  5.33000000        0.00843700
  5.34000000        0.00832600
  5.35000000        0.00821200
  5.36000000        0.00809300
  5.37000000        0.00797100
  5.38000000        0.00784600
  5.39000000        0.00771700
  5.40000000        0.00758400
  5.41000000        0.00744800
  5.42000000        0.00730700
  5.43000000        0.00716400
  5.44000000        0.00701600
  5.45000000        0.00686500
  5.46000000        0.00671000
  5.47000000        0.00655200
  5.48000000        0.00639000
  5.49000000        0.00622400
  5.50000000        0.00605500
  5.51000000        0.00588200
  5.52000000        0.00570700
  5.53000000        0.00552800
  5.54000000        0.00534400
  5.55000000        0.00515900
  5.56000000        0.00497000
  5.57000000        0.00477800
  5.58000000        0.00458300
  5.59000000        0.00438400
  5.60000000        0.00418300
  5.61000000        0.00397900
  5.62000000        0.00377300
  5.63000000        0.00356300
  5.64000000        0.00335200
  5.65000000        0.00313800
  5.66000000        0.00292200
  5.67000000        0.00270500
  5.68000000        0.00248400
  5.69000000        0.00226200
  5.70000000        0.00203900
  5.71000000        0.00181400
  5.72000000        0.00158800
  5.73000000        0.00136100
  5.74000000        0.00113300
  5.75000000        0.00090400
  5.76000000        0.00067400
  5.77000000        0.00044400
  5.78000000        0.00021300
  5.79000000        0.00001800
  5.80000000        0.00024900
  5.81000000        0.00047900
  5.82000000        0.00071000
  5.83000000        0.00093900
  5.84000000        0.00116800
  5.85000000        0.00139600
  5.86000000        0.00162300
  5.87000000        0.00184900
  5.88000000        0.00207400
  5.89000000        0.00229700
  5.90000000        0.00251800
  5.91000000        0.00273700
  5.92000000        0.00295400
  5.93000000        0.00316900
  5.94000000        0.00338100
  5.95000000        0.00359200
  5.96000000        0.00380000
  5.97000000        0.00400400
  5.98000000        0.00420700
  5.99000000        0.00440500
  6.00000000        0.00460100
  6.01000000        0.00479400
  6.02000000        0.00498200
  6.03000000        0.00516800
  6.04000000        0.00535000
  6.05000000        0.00552900
  6.06000000        0.00570400
  6.07000000        0.00587500
  6.08000000        0.00604200
  6.09000000        0.00620600
  6.10000000        0.00636500
  6.11000000        0.00652100
  6.12000000        0.00667200
  6.13000000        0.00681900
  6.14000000        0.00696200
  6.15000000        0.00710100
  6.16000000        0.00723500
  6.17000000        0.00736600
  6.18000000        0.00749200
  6.19000000        0.00761500
  6.20000000        0.00773200
  6.21000000        0.00784600
  6.22000000        0.00795600
  6.23000000        0.00806100
  6.24000000        0.00816100
  6.25000000        0.00825900
  6.26000000        0.00835200
  6.27000000        0.00844100
  6.28000000        0.00852500
  6.29000000        0.00860600
  6.30000000        0.00868300
  6.31000000        0.00875600
  6.32000000        0.00882500
  6.33000000        0.00888900
  6.34000000        0.00895100
  6.35000000        0.00900900
  6.36000000        0.00906300
  6.37000000        0.00911300
  6.38000000        0.00916000
  6.39000000        0.00920300
  6.40000000        0.00924300
  6.41000000        0.00928000
  6.42000000        0.00931300
  6.43000000        0.00934300
  6.44000000        0.00937000
  6.45000000        0.00939300
  6.46000000        0.00941400
  6.47000000        0.00943200
  6.48000000        0.00944700
  6.49000000        0.00945900
  6.50000000        0.00946800
  6.51000000        0.00947400
  6.52000000        0.00947800
  6.53000000        0.00947900
  6.54000000        0.00947800
  6.55000000        0.00947400
  6.56000000        0.00946800
  6.57000000        0.00946000
  6.58000000        0.00944900
  6.59000000        0.00943700
  6.60000000        0.00942100
  6.61000000        0.00940400
  6.62000000        0.00938500
  6.63000000        0.00936400
  6.64000000        0.00934100
  6.65000000        0.00931600
  6.66000000        0.00928900
  6.67000000        0.00926100
  6.68000000        0.00923000
  6.69000000        0.00919900
  6.70000000        0.00916500
  6.71000000        0.00913100
  6.72000000        0.00909500
  6.73000000        0.00905700
  6.74000000        0.00901800
  6.75000000        0.00897800
  6.76000000        0.00893600
  6.77000000        0.00889300
  6.78000000        0.00884800
  6.79000000        0.00880300
  6.80000000        0.00875600
  6.81000000        0.00870800
  6.82000000        0.00866000
  6.83000000        0.00861000
  6.84000000        0.00855900
  6.85000000        0.00850700
  6.86000000        0.00845500
  6.87000000        0.00840200
  6.88000000        0.00834700
  6.89000000        0.00829200
  6.90000000        0.00823600
  6.91000000        0.00817900
  6.92000000        0.00812300
  6.93000000        0.00806400
  6.94000000        0.00800500
  6.95000000        0.00794600
  6.96000000        0.00788600
  6.97000000        0.00782500
  6.98000000        0.00776500
  6.99000000        0.00770300
  7.00000000        0.00764000
  7.01000000        0.00757800
  7.02000000        0.00751500
  7.03000000        0.00745100
  7.04000000        0.00738700
  7.05000000        0.00732300
  7.06000000        0.00725700
  7.07000000        0.00719200
  7.08000000        0.00712700
  7.09000000        0.00706000
  7.10000000        0.00699400
  7.11000000        0.00692700
  7.12000000        0.00686100
  7.13000000        0.00679400
  7.14000000        0.00672600
  7.15000000        0.00665800
  7.16000000        0.00659000
  7.17000000        0.00652100
  7.18000000        0.00645400
  7.19000000        0.00638500
  7.20000000        0.00631600
  7.21000000        0.00624700
  7.22000000        0.00617700
  7.23000000        0.00610800
  7.24000000        0.00603900
  7.25000000        0.00596900
  7.26000000        0.00589900
  7.27000000        0.00583000
  7.28000000        0.00575900
  7.29000000        0.00568900
  7.30000000        0.00561800
  7.31000000        0.00554800
  7.32000000        0.00547700
  7.33000000        0.00540700
  7.34000000        0.00533700
  7.35000000        0.00526500
  7.36000000        0.00519500
  7.37000000        0.00512400
  7.38000000        0.00505300
  7.39000000        0.00498200
  7.40000000        0.00491100
  7.41000000        0.00484000
  7.42000000        0.00476900
  7.43000000        0.00469800
  7.44000000        0.00462700
  7.45000000        0.00455600
  7.46000000        0.00448400
  7.47000000        0.00441300
  7.48000000        0.00434200
  7.49000000        0.00427000
  7.50000000        0.00419900
  7.51000000        0.00412800
  7.52000000        0.00405600
  7.53000000        0.00398500
  7.54000000        0.00391500
  7.55000000        0.00384400
  7.56000000        0.00377200
  7.57000000        0.00370100
  7.58000000        0.00363000
  7.59000000        0.00355800
  7.60000000        0.00348700
  7.61000000        0.00341600
  7.62000000        0.00334400
  7.63000000        0.00327400
  7.64000000        0.00320300
  7.65000000        0.00313200
  7.66000000        0.00306000
  7.67000000        0.00298900
  7.68000000        0.00291800
  7.69000000        0.00284700
  7.70000000        0.00277600
  7.71000000        0.00270500
  7.72000000        0.00263400
  7.73000000        0.00256300
  7.74000000        0.00249200
  7.75000000        0.00242100
  7.76000000        0.00235100
  7.77000000        0.00227900
  7.78000000        0.00220800
  7.79000000        0.00213700
  7.80000000        0.00206700
  7.81000000        0.00199600
  7.82000000        0.00192500
  7.83000000        0.00185500
  7.84000000        0.00178400
  7.85000000        0.00171300
  7.86000000        0.00164200
  7.87000000        0.00157200
  7.88000000        0.00150100
  7.89000000        0.00143100
  7.90000000        0.00136000
  7.91000000        0.00128900
  7.92000000        0.00121900
  7.93000000        0.00114900
  7.94000000        0.00107800
  7.95000000        0.00100800
  7.96000000        0.00093700
  7.97000000        0.00086600
  7.98000000        0.00079600
  7.99000000        0.00072600
  8.00000000        0.00065500
  8.01000000        0.00058500
  8.02000000        0.00051500
  8.03000000        0.00044400
  8.04000000        0.00037400
  8.05000000        0.00030300
  8.06000000        0.00023300
  8.07000000        0.00016300
  8.08000000        0.00009300
  8.09000000        0.00002200
  8.10000000        0.00004900
  8.11000000        0.00011900
  8.12000000        0.00018900
  8.13000000        0.00025900
  8.14000000        0.00033000
  8.15000000        0.00040000
  8.16000000        0.00047100
  8.17000000        0.00054100
  8.18000000        0.00061100
  8.19000000        0.00068200
  8.20000000        0.00075200
  8.21000000        0.00082300
  8.22000000        0.00089300
  8.23000000        0.00096400
  8.24000000        0.00103400
  8.25000000        0.00110400
  8.26000000        0.00117500
  8.27000000        0.00124500
  8.28000000        0.00131600
  8.29000000        0.00138700
  8.30000000        0.00145700
  8.31000000        0.00152800
  8.32000000        0.00159900
  8.33000000        0.00166900
  8.34000000        0.00174100
  8.35000000        0.00181000
  8.36000000        0.00188200
  8.37000000        0.00195300
  8.38000000        0.00202400
  8.39000000        0.00209400
  8.40000000        0.00216500
  8.41000000        0.00223600
  8.42000000        0.00230700
  8.43000000        0.00237800
  8.44000000        0.00244900
  8.45000000        0.00252100
  8.46000000        0.00259200
  8.47000000        0.00266400
  8.48000000        0.00273500
  8.49000000        0.00280700
  8.50000000        0.00287800
  8.51000000        0.00294900
  8.52000000        0.00302100
  8.53000000        0.00309300
  8.54000000        0.00316400
  8.55000000        0.00323600
  8.56000000        0.00330800
  8.57000000        0.00337900
  8.58000000        0.00345200
  8.59000000        0.00352400
  8.60000000        0.00359600
  8.61000000        0.00366800
  8.62000000        0.00374000
  8.63000000        0.00381200
  8.64000000        0.00388500
  8.65000000        0.00395800
  8.66000000        0.00403100
  8.67000000        0.00410300
  8.68000000        0.00417600
  8.69000000        0.00424800
  8.70000000        0.00432100
  8.71000000        0.00439400
  8.72000000        0.00446800
  8.73000000        0.00454100
  8.74000000        0.00461400
  8.75000000        0.00468800
  8.76000000        0.00476100
  8.77000000        0.00483500
  8.78000000        0.00490900
  8.79000000        0.00498200
  8.80000000        0.00505600
  8.81000000        0.00513100
  8.82000000        0.00520400
  8.83000000        0.00527900
  8.84000000        0.00535300
  8.85000000        0.00542700
  8.86000000        0.00550200
  8.87000000        0.00557700
  8.88000000        0.00565100
  8.89000000        0.00572700
  8.90000000        0.00580100
  8.91000000        0.00587600
  8.92000000        0.00595200
  8.93000000        0.00602700
  8.94000000        0.00610200
  8.95000000        0.00617900
  8.96000000        0.00625400
  8.97000000        0.00633000
  8.98000000        0.00640700
  8.99000000        0.00648300
  9.00000000        0.00655900
  9.01000000        0.00663500
  9.02000000        0.00671200
  9.03000000        0.00678900
  9.04000000        0.00686500
  9.05000000        0.00694200
  9.06000000        0.00701900
  9.07000000        0.00709700
  9.08000000        0.00717400
  9.09000000        0.00725200
  9.10000000        0.00733000
  9.11000000        0.00740700
  9.12000000        0.00748500
  9.13000000        0.00756300
  9.14000000        0.00764100
  9.15000000        0.00772000
  9.16000000        0.00779800
  9.17000000        0.00787700
  9.18000000        0.00795600
  9.19000000        0.00803500
  9.20000000        0.00811500
  9.21000000        0.00819400
  9.22000000        0.00827400
  9.23000000        0.00835300
  9.24000000        0.00843200
  9.25000000        0.00851200
  9.26000000        0.00859300
  9.27000000        0.00867300
  9.28000000        0.00875400
  9.29000000        0.00883500
  9.30000000        0.00891600
  9.31000000        0.00899600
  9.32000000        0.00907700
  9.33000000        0.00915900
  9.34000000        0.00924000
  9.35000000        0.00932200
  9.36000000        0.00940400
  9.37000000        0.00948600
  9.38000000        0.00956800
  9.39000000        0.00965000
  9.40000000        0.00973300
  9.41000000        0.00981500
  9.42000000        0.00989800
  9.43000000        0.00998100
  9.44000000        0.01006400
  9.45000000        0.01014800
  9.46000000        0.01023100
  9.47000000        0.01031500
  9.48000000        0.01039900
  9.49000000        0.01048300
  9.50000000        0.01056700
  9.51000000        0.01065100
  9.52000000        0.01073600
  9.53000000        0.01082100
  9.54000000        0.01090500
  9.55000000        0.01099100
  9.56000000        0.01107500
  9.57000000        0.01116100
  9.58000000        0.01124600
  9.59000000        0.01133200
  9.60000000        0.01141700
  9.61000000        0.01150400
  9.62000000        0.01159000
  9.63000000        0.01167600
  9.64000000        0.01176300
  9.65000000        0.01184900
  9.66000000        0.01193600
  9.67000000        0.01202200
  9.68000000        0.01211000
  9.69000000        0.01219700
  9.70000000        0.01228500
  9.71000000        0.01237200
  9.72000000        0.01246000
  9.73000000        0.01254800
  9.74000000        0.01263500
  9.75000000        0.01272300
  9.76000000        0.01281200
  9.77000000        0.01290000
  9.78000000        0.01298800
  9.79000000        0.01307600
  9.80000000        0.01316500
  9.81000000        0.01325400
  9.82000000        0.01334300
  9.83000000        0.01343100
  9.84000000        0.01352100
  9.85000000        0.01360900
  9.86000000        0.01369900
  9.87000000        0.01378800
  9.88000000        0.01387700
  9.89000000        0.01396700
  9.90000000        0.01405600
  9.91000000        0.01414600
  9.92000000        0.01423600
  9.93000000        0.01432500
  9.94000000        0.01441400
  9.95000000        0.01450400
  9.96000000        0.01459400
  9.97000000        0.01468400
  9.98000000        0.01477300
  9.99000000        0.01486300
 10.00000000        0.01495300
 10.01000000        0.01504300
 10.02000000        0.01513200
 10.03000000        0.01522200
 10.04000000        0.01531200
 10.05000000        0.01540100
 10.06000000        0.01549000
 10.07000000        0.01557900
 10.08000000        0.01566900
 10.09000000        0.01575800
 10.10000000        0.01584700
 10.11000000        0.01593600
 10.12000000        0.01602400
 10.13000000        0.01611300
 10.14000000        0.01620100
 10.15000000        0.01629000
 10.16000000        0.01637800
 10.17000000        0.01646600
 10.18000000        0.01655300
 10.19000000        0.01664000
 10.20000000        0.01672700
 10.21000000        0.01681300
 10.22000000        0.01690000
 10.23000000        0.01698600
 10.24000000        0.01707100
 10.25000000        0.01715700
 10.26000000        0.01724200
 10.27000000        0.01732600
 10.28000000        0.01741000
 10.29000000        0.01749400
 10.30000000        0.01757700
 10.31000000        0.01765900
 10.32000000        0.01774000
 10.33000000        0.01782200
 10.34000000        0.01790300
 10.35000000        0.01798300
 10.36000000        0.01806300
 10.37000000        0.01814200
 10.38000000        0.01822000
 10.39000000        0.01829600
 10.40000000        0.01837300
 10.41000000        0.01844800
 10.42000000        0.01852300
 10.43000000        0.01859700
 10.44000000        0.01867000
 10.45000000        0.01874200
 10.46000000        0.01881200
 10.47000000        0.01888300
 10.48000000        0.01895100
 10.49000000        0.01901900
 10.50000000        0.01908500
 10.51000000        0.01915000
 10.52000000        0.01921400
 10.53000000        0.01927600
 10.54000000        0.01933700
 10.55000000        0.01939700
 10.56000000        0.01945400
 10.57000000        0.01951000
 10.58000000        0.01956600
 10.59000000        0.01961800
 10.60000000        0.01967000
 10.61000000        0.01971900
 10.62000000        0.01976700
 10.63000000        0.01981300
 10.64000000        0.01985600
 10.65000000        0.01989900
 10.66000000        0.01993800
 10.67000000        0.01997500
 10.68000000        0.02001000
 10.69000000        0.02004400
 10.70000000        0.02007300
 10.71000000        0.02010100
 10.72000000        0.02012700
 10.73000000        0.02014800
 10.74000000        0.02016800
 10.75000000        0.02018500
 10.76000000        0.02019900
 10.77000000        0.02020900
 10.78000000        0.02021800
 10.79000000        0.02022200
 10.80000000        0.02022300
 10.81000000        0.02022100
 10.82000000        0.02021500
 10.83000000        0.02020600
 10.84000000        0.02019200
 10.85000000        0.02017600
 10.86000000        0.02015500
 10.87000000        0.02013000
 10.88000000        0.02010100
 10.89000000        0.02006900
 10.90000000        0.02003100
 10.91000000        0.01998900
 10.92000000        0.01994200
 10.93000000        0.01989100
 10.94000000        0.01983500
 10.95000000        0.01977500
 10.96000000        0.01970900
 10.97000000        0.01963700
 10.98000000        0.01956100
 10.99000000        0.01947900
 11.00000000        0.01939300
 11.01000000        0.01930000
 11.02000000        0.01920100
 11.03000000        0.01909800
 11.04000000        0.01898700
 11.05000000        0.01887200
 11.06000000        0.01874900
 11.07000000        0.01862100
 11.08000000        0.01848600
 11.09000000        0.01834400
 11.10000000        0.01819700
 11.11000000        0.01804200
 11.12000000        0.01788100
 11.13000000        0.01771300
 11.14000000        0.01753800
 11.15000000        0.01735700
 11.16000000        0.01716700
 11.17000000        0.01697100
 11.18000000        0.01676700
 11.19000000        0.01655700
 11.20000000        0.01633800
 11.21000000        0.01611300
 11.22000000        0.01588000
 11.23000000        0.01564000
 11.24000000        0.01539100
 11.25000000        0.01513600
 11.26000000        0.01487300
 11.27000000        0.01460200
 11.28000000        0.01432400
 11.29000000        0.01403800
 11.30000000        0.01374500
 11.31000000        0.01344400
 11.32000000        0.01313500
 11.33000000        0.01282000
 11.34000000        0.01249600
 11.35000000        0.01216700
 11.36000000        0.01182900
 11.37000000        0.01148400
 11.38000000        0.01113300
 11.39000000        0.01077400
 11.40000000        0.01040900
 11.41000000        0.01003700
 11.42000000        0.00965900
 11.43000000        0.00927400
 11.44000000        0.00888300
 11.45000000        0.00848700
 11.46000000        0.00808500
 11.47000000        0.00767700
 11.48000000        0.00726500
 11.49000000        0.00684600
 11.50000000        0.00642300
 11.51000000        0.00599600
 11.52000000        0.00556400
 11.53000000        0.00512900
 11.54000000        0.00468900
 11.55000000        0.00424700
 11.56000000        0.00380100
 11.57000000        0.00335200
 11.58000000        0.00290200
 11.59000000        0.00244800
 11.60000000        0.00199300
 11.61000000        0.00153700
 11.62000000        0.00107800
 11.63000000        0.00062000
 11.64000000        0.00016200
 11.65000000        0.00029700
 11.66000000        0.00075600
 11.67000000        0.00121500
 11.68000000        0.00167200
 11.69000000        0.00212800
 11.70000000        0.00258300
 11.71000000        0.00303500
 11.72000000        0.00348600
 11.73000000        0.00393400
 11.74000000        0.00437800
 11.75000000        0.00481900
 11.76000000        0.00525800
 11.77000000        0.00569100
 11.78000000        0.00612100
 11.79000000        0.00654700
 11.80000000        0.00696700
 11.81000000        0.00738300
 11.82000000        0.00779300
 11.83000000        0.00819800
 11.84000000        0.00859700
 11.85000000        0.00899000
 11.86000000        0.00937600
 11.87000000        0.00975700
 11.88000000        0.01013000
 11.89000000        0.01049700
 11.90000000        0.01085600
 11.91000000        0.01120900
 11.92000000        0.01155400
 11.93000000        0.01189300
 11.94000000        0.01222300
 11.95000000        0.01254600
 11.96000000        0.01286100
 11.97000000        0.01316800
 11.98000000        0.01346700
 11.99000000        0.01375800
 12.00000000        0.01404200
 12.01000000        0.01431800
 12.02000000        0.01458400
 12.03000000        0.01484300
 12.04000000        0.01509400
 12.05000000        0.01533700
 12.06000000        0.01557200
 12.07000000        0.01579900
 12.08000000        0.01601800
 12.09000000        0.01622800
 12.10000000        0.01643100
 12.11000000        0.01662500
 12.12000000        0.01681200
 12.13000000        0.01699200
 12.14000000        0.01716200
 12.15000000        0.01732600
 12.16000000        0.01748300
 12.17000000        0.01763100
 12.18000000        0.01777200
 12.19000000        0.01790600
 12.20000000        0.01803400
 12.21000000        0.01815400
 12.22000000        0.01826700
 12.23000000        0.01837200
 12.24000000        0.01847200
 12.25000000        0.01856500
 12.26000000        0.01865000
 12.27000000        0.01873100
 12.28000000        0.01880400
 12.29000000        0.01887200
 12.30000000        0.01893300
 12.31000000        0.01898900
 12.32000000        0.01903900
 12.33000000        0.01908200
 12.34000000        0.01912200
 12.35000000        0.01915500
 12.36000000        0.01918300
 12.37000000        0.01920600
 12.38000000        0.01922400
 12.39000000        0.01923700
 12.40000000        0.01924500
 12.41000000        0.01924900
 12.42000000        0.01924800
 12.43000000        0.01924300
 12.44000000        0.01923400
 12.45000000        0.01922000
 12.46000000        0.01920200
 12.47000000        0.01918000
 12.48000000        0.01915500
 12.49000000        0.01912500
 12.50000000        0.01909300
 12.51000000        0.01905700
 12.52000000        0.01901700
 12.53000000        0.01897300
 12.54000000        0.01892800
 12.55000000        0.01887800
 12.56000000        0.01882600
 12.57000000        0.01877000
 12.58000000        0.01871200
 12.59000000        0.01865200
 12.60000000        0.01858800
 12.61000000        0.01852200
 12.62000000        0.01845300
 12.63000000        0.01838200
 12.64000000        0.01831000
 12.65000000        0.01823400
 12.66000000        0.01815600
 12.67000000        0.01807700
 12.68000000        0.01799600
 12.69000000        0.01791100
 12.70000000        0.01782600
 12.71000000        0.01773800
 12.72000000        0.01765000
 12.73000000        0.01755900
 12.74000000        0.01746700
 12.75000000        0.01737300
 12.76000000        0.01727800
 12.77000000        0.01718000
 12.78000000        0.01708200
 12.79000000        0.01698300
 12.80000000        0.01688100
 12.81000000        0.01677900
 12.82000000        0.01667600
 12.83000000        0.01657200
 12.84000000        0.01646700
 12.85000000        0.01636000
 12.86000000        0.01625300
 12.87000000        0.01614400
 12.88000000        0.01603500
 12.89000000        0.01592400
 12.90000000        0.01581300
 12.91000000        0.01570100
 12.92000000        0.01558800
 12.93000000        0.01547500
 12.94000000        0.01536100
 12.95000000        0.01524600
 12.96000000        0.01513000
 12.97000000        0.01501400
 12.98000000        0.01489700
 12.99000000        0.01478000
 13.00000000        0.01466300
 13.01000000        0.01454400
 13.02000000        0.01442500
 13.03000000        0.01430600
 13.04000000        0.01418700
 13.05000000        0.01406600
 13.06000000        0.01394600
 13.07000000        0.01382500
 13.08000000        0.01370400
 13.09000000        0.01358300
 13.10000000        0.01346000
 13.11000000        0.01333900
 13.12000000        0.01321600
 13.13000000        0.01309300
 13.14000000        0.01297100
 13.15000000        0.01284800
 13.16000000        0.01272400
 13.17000000        0.01260200
 13.18000000        0.01247800
 13.19000000        0.01235400
 13.20000000        0.01223000
 13.21000000        0.01210600
 13.22000000        0.01198200
 13.23000000        0.01185700
 13.24000000        0.01173300
 13.25000000        0.01160900
 13.26000000        0.01148400
 13.27000000        0.01136000
 13.28000000        0.01123500
 13.29000000        0.01111000
 13.30000000        0.01098600
 13.31000000        0.01086000
 13.32000000        0.01073500
 13.33000000        0.01061100
 13.34000000        0.01048500
 13.35000000        0.01036100
 13.36000000        0.01023600
 13.37000000        0.01011100
 13.38000000        0.00998600
 13.39000000        0.00986100
 13.40000000        0.00973600
 13.41000000        0.00961200
 13.42000000        0.00948600
 13.43000000        0.00936200
 13.44000000        0.00923700
 13.45000000        0.00911200
 13.46000000        0.00898800
 13.47000000        0.00886300
 13.48000000        0.00873900
 13.49000000        0.00861300
 13.50000000        0.00848900
 13.51000000        0.00836500
 13.52000000        0.00824000
 13.53000000        0.00811700
 13.54000000        0.00799200
 13.55000000        0.00786800
 13.56000000        0.00774400
 13.57000000        0.00762000
 13.58000000        0.00749600
 13.59000000        0.00737200
 13.60000000        0.00724800
 13.61000000        0.00712500
 13.62000000        0.00700100
 13.63000000        0.00687800
 13.64000000        0.00675400
 13.65000000        0.00663000
 13.66000000        0.00650700
 13.67000000        0.00638400
 13.68000000        0.00626100
 13.69000000        0.00613700
 13.70000000        0.00601500
 13.71000000        0.00589100
 13.72000000        0.00576900
 13.73000000        0.00564600
 13.74000000        0.00552300
 13.75000000        0.00540100
 13.76000000        0.00527800
 13.77000000        0.00515600
 13.78000000        0.00503400
 13.79000000        0.00491100
 13.80000000        0.00478900
 13.81000000        0.00466600
 13.82000000        0.00454400
 13.83000000        0.00442300
 13.84000000        0.00430100
 13.85000000        0.00417900
 13.86000000        0.00405800
 13.87000000        0.00393600
 13.88000000        0.00381400
 13.89000000        0.00369300
 13.90000000        0.00357100
 13.91000000        0.00344900
 13.92000000        0.00332700
 13.93000000        0.00320700
 13.94000000        0.00308500
 13.95000000        0.00296400
 13.96000000        0.00284300
 13.97000000        0.00272100
 13.98000000        0.00260000
 13.99000000        0.00248000
 14.00000000        0.00235800
 14.01000000        0.00223700
 14.02000000        0.00211600
 14.03000000        0.00199600
 14.04000000        0.00187400
 14.05000000        0.00175400
 14.06000000        0.00163300
 14.07000000        0.00151200
 14.08000000        0.00139100
 14.09000000        0.00127100
 14.10000000        0.00115000
 14.11000000        0.00102900
 14.12000000        0.00090900
 14.13000000        0.00078900
 14.14000000        0.00066800
 14.15000000        0.00054700
 14.16000000        0.00042700
 14.17000000        0.00030600
 14.18000000        0.00018500
 14.19000000        0.00006500
 14.20000000        0.00005600
 14.21000000        0.00017700
 14.22000000        0.00029600
 14.23000000        0.00041800
 14.24000000        0.00053800
 14.25000000        0.00065800
 14.26000000        0.00077900
 14.27000000        0.00090000
 14.28000000        0.00102100
 14.29000000        0.00114100
 14.30000000        0.00126100
 14.31000000        0.00138200
 14.32000000        0.00150300
 14.33000000        0.00162400
 14.34000000        0.00174500
 14.35000000        0.00186600
 14.36000000        0.00198600
 14.37000000        0.00210700
 14.38000000        0.00222800
 14.39000000        0.00235000
 14.40000000        0.00247100
 14.41000000        0.00259200
 14.42000000        0.00271200
 14.43000000        0.00283400
 14.44000000        0.00295500
 14.45000000        0.00307700
 14.46000000        0.00319800
 14.47000000        0.00331900
 14.48000000        0.00344100
 14.49000000        0.00356200
 14.50000000        0.00368400
 14.51000000        0.00380600
 14.52000000        0.00392800
 14.53000000        0.00404900
 14.54000000        0.00417200
 14.55000000        0.00429400
 14.56000000        0.00441500
 14.57000000        0.00453800
 14.58000000        0.00466100
 14.59000000        0.00478200
 14.60000000        0.00490600
 14.61000000        0.00502800
 14.62000000        0.00515000
 14.63000000        0.00527400
 14.64000000        0.00539700
 14.65000000        0.00552000
 14.66000000        0.00564300
 14.67000000        0.00576700
 14.68000000        0.00588900
 14.69000000        0.00601300
 14.70000000        0.00613700
 14.71000000        0.00626100
 14.72000000        0.00638500
 14.73000000        0.00650800
 14.74000000        0.00663300
 14.75000000        0.00675700
 14.76000000        0.00688100
 14.77000000        0.00700600
 14.78000000        0.00713100
 14.79000000        0.00725600
 14.80000000        0.00738100
 14.81000000        0.00750600
 14.82000000        0.00763200
 14.83000000        0.00775700
 14.84000000        0.00788300
 14.85000000        0.00800900
 14.86000000        0.00813500
 14.87000000        0.00826100
 14.88000000        0.00838800
 14.89000000        0.00851400
 14.90000000        0.00864000
 14.91000000        0.00876800
 14.92000000        0.00889400
 14.93000000        0.00902200
 14.94000000        0.00914900
 14.95000000        0.00927700
 14.96000000        0.00940500
 14.97000000        0.00953300
 14.98000000        0.00966000
 14.99000000        0.00978900
 15.00000000        0.00991800
 15.01000000        0.01004600
 15.02000000        0.01017500
 15.03000000        0.01030400
 15.04000000        0.01043400
 15.05000000        0.01056300
 15.06000000        0.01069200
 15.07000000        0.01082200
 15.08000000        0.01095200
 15.09000000        0.01108300
 15.10000000        0.01121300
 15.11000000        0.01134400
 15.12000000        0.01147600
 15.13000000        0.01160600
 15.14000000        0.01173800
 15.15000000        0.01187000
 15.16000000        0.01200200
 15.17000000        0.01213300
 15.18000000        0.01226500
 15.19000000        0.01239800
 15.20000000        0.01253000
 15.21000000        0.01266400
 15.22000000        0.01279700
 15.23000000        0.01293000
 15.24000000        0.01306400
 15.25000000        0.01319700
 15.26000000        0.01333200
 15.27000000        0.01346600
 15.28000000        0.01360100
 15.29000000        0.01373600
 15.30000000        0.01387100
 15.31000000        0.01400600
 15.32000000        0.01414100
 15.33000000        0.01427700
 15.34000000        0.01441200
 15.35000000        0.01454800
 15.36000000        0.01468500
 15.37000000        0.01482100
 15.38000000        0.01495800
 15.39000000        0.01509500
 15.40000000        0.01523200
 15.41000000        0.01537000
 15.42000000        0.01550700
 15.43000000        0.01564500
 15.44000000        0.01578400
 15.45000000        0.01592200
 15.46000000        0.01606000
 15.47000000        0.01619900
 15.48000000        0.01633800
 15.49000000        0.01647700
 15.50000000        0.01661700
 15.51000000        0.01675600
 15.52000000        0.01689600
 15.53000000        0.01703600
 15.54000000        0.01717600
 15.55000000        0.01731600
 15.56000000        0.01745700
 15.57000000        0.01759800
 15.58000000        0.01773800
 15.59000000        0.01788000
 15.60000000        0.01802100
 15.61000000        0.01816300
 15.62000000        0.01830400
 15.63000000        0.01844600
 15.64000000        0.01858800
 15.65000000        0.01873000
 15.66000000        0.01887200
 15.67000000        0.01901500
 15.68000000        0.01915700
 15.69000000        0.01930000
 15.70000000        0.01944200
 15.71000000        0.01958500
 15.72000000        0.01972800
 15.73000000        0.01987100
 15.74000000        0.02001500
 15.75000000        0.02015700
 15.76000000        0.02030000
 15.77000000        0.02044400
 15.78000000        0.02058700
 15.79000000        0.02073000
 15.80000000        0.02087400
 15.81000000        0.02101700
 15.82000000        0.02116000
 15.83000000        0.02130400
 15.84000000        0.02144700
 15.85000000        0.02159000
 15.86000000        0.02173400
 15.87000000        0.02187700
 15.88000000        0.02202000
 15.89000000        0.02216300
 15.90000000        0.02230600
 15.91000000        0.02244800
 15.92000000        0.02259100
 15.93000000        0.02273300
 15.94000000        0.02287600
 15.95000000        0.02301700
 15.96000000        0.02316000
 15.97000000        0.02330100
 15.98000000        0.02344200
 15.99000000        0.02358300
 16.00000000        0.02372400
 16.01000000        0.02386400
 16.02000000        0.02400400
 16.03000000        0.02414400
 16.04000000        0.02428200
 16.05000000        0.02442100
 16.06000000        0.02455900
 16.07000000        0.02469700
 16.08000000        0.02483400
 16.09000000        0.02497000
 16.10000000        0.02510600
 16.11000000        0.02524100
 16.12000000        0.02537600
 16.13000000        0.02551000
 16.14000000        0.02564300
 16.15000000        0.02577500
 16.16000000        0.02590600
 16.17000000        0.02603700
 16.18000000        0.02616700
 16.19000000        0.02629500
 16.20000000        0.02642300
 16.21000000        0.02655100
 16.22000000        0.02667600
 16.23000000        0.02680000
 16.24000000        0.02692300
 16.25000000        0.02704500
 16.26000000        0.02716600
 16.27000000        0.02728500
 16.28000000        0.02740300
 16.29000000        0.02751900
 16.30000000        0.02763400
 16.31000000        0.02774700
 16.32000000        0.02785900
 16.33000000        0.02796900
 16.34000000        0.02807600
 16.35000000        0.02818200
 16.36000000        0.02828600
 16.37000000        0.02838800
 16.38000000        0.02848700
 16.39000000        0.02858600
 16.40000000        0.02868100
 16.41000000        0.02877400
 16.42000000        0.02886400
 16.43000000        0.02895300
 16.44000000        0.02903800
 16.45000000        0.02912000
 16.46000000        0.02920000
 16.47000000        0.02927700
 16.48000000        0.02935000
 16.49000000        0.02942200
 16.50000000        0.02948900
 16.51000000        0.02955300
 16.52000000        0.02961400
 16.53000000        0.02967000
 16.54000000        0.02972400
 16.55000000        0.02977300
 16.56000000        0.02981900
 16.57000000        0.02986000
 16.58000000        0.02989800
 16.59000000        0.02993100
 16.60000000        0.02996000
 16.61000000        0.02998400
 16.62000000        0.03000300
 16.63000000        0.03001700
 16.64000000        0.03002600
 16.65000000        0.03003100
 16.66000000        0.03002900
 16.67000000        0.03002300
 16.68000000        0.03001000
 16.69000000        0.02999300
 16.70000000        0.02996900
 16.71000000        0.02993900
 16.72000000        0.02990300
 16.73000000        0.02986000
 16.74000000        0.02981000
 16.75000000        0.02975400
 16.76000000        0.02969200
 16.77000000        0.02962100
 16.78000000        0.02954400
 16.79000000        0.02945900
 16.80000000        0.02936700
 16.81000000        0.02926700
 16.82000000        0.02915900
 16.83000000        0.02904200
 16.84000000        0.02891800
 16.85000000        0.02878500
 16.86000000        0.02864400
 16.87000000        0.02849300
 16.88000000        0.02833400
 16.89000000        0.02816400
 16.90000000        0.02798700
 16.91000000        0.02779900
 16.92000000        0.02760200
 16.93000000        0.02739500
 16.94000000        0.02717800
 16.95000000        0.02695100
 16.96000000        0.02671400
 16.97000000        0.02646700
 16.98000000        0.02620800
 16.99000000        0.02594000
 17.00000000        0.02566000
 17.01000000        0.02537000
 17.02000000        0.02506800
 17.03000000        0.02475600
 17.04000000        0.02443200
 17.05000000        0.02409700
 17.06000000        0.02375100
 17.07000000        0.02339300
 17.08000000        0.02302400
 17.09000000        0.02264400
 17.10000000        0.02225200
 17.11000000        0.02184900
 17.12000000        0.02143400
 17.13000000        0.02100800
 17.14000000        0.02057000
 17.15000000        0.02012100
 17.16000000        0.01966100
 17.17000000        0.01918900
 17.18000000        0.01870600
 17.19000000        0.01821200
 17.20000000        0.01770800
 17.21000000        0.01719300
 17.22000000        0.01666700
 17.23000000        0.01613100
 17.24000000        0.01558500
 17.25000000        0.01502800
 17.26000000        0.01446200
 17.27000000        0.01388700
 17.28000000        0.01330200
 17.29000000        0.01270800
 17.30000000        0.01210500
 17.31000000        0.01149500
 17.32000000        0.01087600
 17.33000000        0.01025100
 17.34000000        0.00961700
 17.35000000        0.00897700
 17.36000000        0.00833100
 17.37000000        0.00767800
 17.38000000        0.00701900
 17.39000000        0.00635700
 17.40000000        0.00568900
 17.41000000        0.00501700
 17.42000000        0.00434000
 17.43000000        0.00366100
 17.44000000        0.00298000
 17.45000000        0.00229500
 17.46000000        0.00161000
 17.47000000        0.00092300
 17.48000000        0.00023500
 17.49000000        0.00045300
 17.50000000        0.00114000
 17.51000000        0.00182600
 17.52000000        0.00251200
 17.53000000        0.00319500
 17.54000000        0.00387600
 17.55000000        0.00455400
 17.56000000        0.00522900
 17.57000000        0.00589900
 17.58000000        0.00656600
 17.59000000        0.00722700
 17.60000000        0.00788300
 17.61000000        0.00853300
 17.62000000        0.00917700
 17.63000000        0.00981500
 17.64000000        0.01044500
 17.65000000        0.01106700
 17.66000000        0.01168200
 17.67000000        0.01228900
 17.68000000        0.01288700
 17.69000000        0.01347600
 17.70000000        0.01405600
 17.71000000        0.01462600
 17.72000000        0.01518600
 17.73000000        0.01573700
 17.74000000        0.01627700
 17.75000000        0.01680600
 17.76000000        0.01732400
 17.77000000        0.01783100
 17.78000000        0.01832700
 17.79000000        0.01881300
 17.80000000        0.01928600
 17.81000000        0.01974800
 17.82000000        0.02019700
 17.83000000        0.02063500
 17.84000000        0.02106100
 17.85000000        0.02147600
 17.86000000        0.02187900
 17.87000000        0.02226900
 17.88000000        0.02264600
 17.89000000        0.02301300
 17.90000000        0.02336800
 17.91000000        0.02371000
 17.92000000        0.02404000
 17.93000000        0.02435900
 17.94000000        0.02466600
 17.95000000        0.02496100
 17.96000000        0.02524400
 17.97000000        0.02551600
 17.98000000        0.02577700
 17.99000000        0.02602600
 18.00000000        0.02626400
 18.01000000        0.02649100
 18.02000000        0.02670700
 18.03000000        0.02691200
 18.04000000        0.02710700
 18.05000000        0.02729200
 18.06000000        0.02746600
 18.07000000        0.02763000
 18.08000000        0.02778400
 18.09000000        0.02792800
 18.10000000        0.02806200
 18.11000000        0.02818700
 18.12000000        0.02830400
 18.13000000        0.02841100
 18.14000000        0.02850900
 18.15000000        0.02859700
 18.16000000        0.02867900
 18.17000000        0.02875100
 18.18000000        0.02881500
 18.19000000        0.02887100
 18.20000000        0.02892000
 18.21000000        0.02896100
 18.22000000        0.02899500
 18.23000000        0.02902200
 18.24000000        0.02904100
 18.25000000        0.02905300
 18.26000000        0.02905800
 18.27000000        0.02905800
 18.28000000        0.02905100
 18.29000000        0.02903800
 18.30000000        0.02901800
 18.31000000        0.02899400
 18.32000000        0.02896300
 18.33000000        0.02892700
 18.34000000        0.02888500
 18.35000000        0.02883900
 18.36000000        0.02878700
 18.37000000        0.02872900
 18.38000000        0.02866900
 18.39000000        0.02860200
 18.40000000        0.02853100
 18.41000000        0.02845700
 18.42000000        0.02837800
 18.43000000        0.02829400
 18.44000000        0.02820700
 18.45000000        0.02811600
 18.46000000        0.02802200
 18.47000000        0.02792400
 18.48000000        0.02782300
 18.49000000        0.02771800
 18.50000000        0.02760900
 18.51000000        0.02749900
 18.52000000        0.02738400
 18.53000000        0.02726700
 18.54000000        0.02714700
 18.55000000        0.02702500
 18.56000000        0.02690000
 18.57000000        0.02677200
 18.58000000        0.02664300
 18.59000000        0.02651000
 18.60000000        0.02637600
 18.61000000        0.02623800
 18.62000000        0.02610000
 18.63000000        0.02596000
 18.64000000        0.02581600
 18.65000000        0.02567200
 18.66000000        0.02552500
 18.67000000        0.02537800
 18.68000000        0.02522800
 18.69000000        0.02507800
 18.70000000        0.02492400
 18.71000000        0.02477000
 18.72000000        0.02461500
 18.73000000        0.02445800
 18.74000000        0.02430000
 18.75000000        0.02414100
 18.76000000        0.02398000
 18.77000000        0.02381800
 18.78000000        0.02365600
 18.79000000        0.02349300
 18.80000000        0.02332800
 18.81000000        0.02316300
 18.82000000        0.02299600
 18.83000000        0.02282900
 18.84000000        0.02266100
 18.85000000        0.02249200
 18.86000000        0.02232300
 18.87000000        0.02215300
 18.88000000        0.02198200
 18.89000000        0.02181000
 18.90000000        0.02163800
 18.91000000        0.02146600
 18.92000000        0.02129300
 18.93000000        0.02112000
 18.94000000        0.02094600
 18.95000000        0.02077200
 18.96000000        0.02059700
 18.97000000        0.02042100
 18.98000000        0.02024600
 18.99000000        0.02007000
 19.00000000        0.01989400
 19.01000000        0.01971700
 19.02000000        0.01954100
 19.03000000        0.01936400
 19.04000000        0.01918700
 19.05000000        0.01901000
 19.06000000        0.01883200
 19.07000000        0.01865500
 19.08000000        0.01847700
 19.09000000        0.01829800
 19.10000000        0.01812000
 19.11000000        0.01794300
 19.12000000        0.01776400
 19.13000000        0.01758500
 19.14000000        0.01740700
 19.15000000        0.01722900
 19.16000000        0.01705000
 19.17000000        0.01687200
 19.18000000        0.01669200
 19.19000000        0.01651400
 19.20000000        0.01633600
 19.21000000        0.01615700
 19.22000000        0.01597900
 19.23000000        0.01580000
 19.24000000        0.01562200
 19.25000000        0.01544300
 19.26000000        0.01526500
 19.27000000        0.01508600
 19.28000000        0.01490800
 19.29000000        0.01473000
 19.30000000        0.01455200
 19.31000000        0.01437400
 19.32000000        0.01419600
 19.33000000        0.01401800
 19.34000000        0.01384100
 19.35000000        0.01366300
 19.36000000        0.01348500
 19.37000000        0.01330800
 19.38000000        0.01313000
 19.39000000        0.01295300
 19.40000000        0.01277600
 19.41000000        0.01259900
 19.42000000        0.01242200
 19.43000000        0.01224500
 19.44000000        0.01206800
 19.45000000        0.01189300
 19.46000000        0.01171600
 19.47000000        0.01154000
 19.48000000        0.01136400
 19.49000000        0.01118800
 19.50000000        0.01101200
 19.51000000        0.01083600
 19.52000000        0.01066100
 19.53000000        0.01048500
 19.54000000        0.01031000
 19.55000000        0.01013400
 19.56000000        0.00996000
 19.57000000        0.00978500
 19.58000000        0.00961000
 19.59000000        0.00943500
 19.60000000        0.00926100
 19.61000000        0.00908700
 19.62000000        0.00891300
 19.63000000        0.00873900
 19.64000000        0.00856500
 19.65000000        0.00839100
 19.66000000        0.00821700
 19.67000000        0.00804400
 19.68000000        0.00787100
 19.69000000        0.00769700
 19.70000000        0.00752400
 19.71000000        0.00735100
 19.72000000        0.00717800
 19.73000000        0.00700600
 19.74000000        0.00683300
 19.75000000        0.00666000
 19.76000000        0.00648800
 19.77000000        0.00631600
 19.78000000        0.00614400
 19.79000000        0.00597200
 19.80000000        0.00579900
 19.81000000        0.00562800
 19.82000000        0.00545600
 19.83000000        0.00528400
 19.84000000        0.00511200
 19.85000000        0.00494100
 19.86000000        0.00477000
 19.87000000        0.00459900
 19.88000000        0.00442700
 19.89000000        0.00425600
 19.90000000        0.00408500
 19.91000000        0.00391400
 19.92000000        0.00374300
 19.93000000        0.00357300
 19.94000000        0.00340100
 19.95000000        0.00323100
 19.96000000        0.00306000
 19.97000000        0.00289000
 19.98000000        0.00271900
 19.99000000        0.00254900
 20.00000000        0.00237900
 20.01000000        0.00220800
 20.02000000        0.00203800
 20.03000000        0.00186700
 20.04000000        0.00169700
 20.05000000        0.00152700
 20.06000000        0.00135700
 20.07000000        0.00118700
 20.08000000        0.00101600
 20.09000000        0.00084600
 20.10000000        0.00067700
 20.11000000        0.00050600
 20.12000000        0.00033600
 20.13000000        0.00016600
 20.14000000        0.00000400
 20.15000000        0.00017400
 20.16000000        0.00034400
 20.17000000        0.00051400
 20.18000000        0.00068400
 20.19000000        0.00085400
 20.20000000        0.00102400
 20.21000000        0.00119400
 20.22000000        0.00136500
 20.23000000        0.00153500
 20.24000000        0.00170500
 20.25000000        0.00187500
 20.26000000        0.00204600
 20.27000000        0.00221600
 20.28000000        0.00238700
 20.29000000        0.00255700
 20.30000000        0.00272800
 20.31000000        0.00289700
 20.32000000        0.00306900
 20.33000000        0.00323900
 20.34000000        0.00341000
 20.35000000        0.00358100
 20.36000000        0.00375200
 20.37000000        0.00392200
 20.38000000        0.00409400
 20.39000000        0.00426500
 20.40000000        0.00443600
 20.41000000        0.00460700
 20.42000000        0.00477800
 20.43000000        0.00495000
 20.44000000        0.00512100
 20.45000000        0.00529300
 20.46000000        0.00546500
 20.47000000        0.00563700
 20.48000000        0.00580900
 20.49000000        0.00598100
 20.50000000        0.00615400
 20.51000000        0.00632600
 20.52000000        0.00649900
 20.53000000        0.00667100
 20.54000000        0.00684400
 20.55000000        0.00701700
 20.56000000        0.00719000
 20.57000000        0.00736300
 20.58000000        0.00753700
 20.59000000        0.00771000
 20.60000000        0.00788400
 20.61000000        0.00805800
 20.62000000        0.00823200
 20.63000000        0.00840700
 20.64000000        0.00858100
 20.65000000        0.00875600
 20.66000000        0.00893000
 20.67000000        0.00910500
 20.68000000        0.00928000
 20.69000000        0.00945500
 20.70000000        0.00963100
 20.71000000        0.00980600
 20.72000000        0.00998300
 20.73000000        0.01015800
 20.74000000        0.01033500
 20.75000000        0.01051100
 20.76000000        0.01068800
 20.77000000        0.01086500
 20.78000000        0.01104200
 20.79000000        0.01121900
 20.80000000        0.01139700
 20.81000000        0.01157500
 20.82000000        0.01175300
 20.83000000        0.01193100
 20.84000000        0.01211000
 20.85000000        0.01228800
 20.86000000        0.01246800
 20.87000000        0.01264600
 20.88000000        0.01282600
 20.89000000        0.01300600
 20.90000000        0.01318600
 20.91000000        0.01336500
 20.92000000        0.01354700
 20.93000000        0.01372700
 20.94000000        0.01390800
 20.95000000        0.01409000
 20.96000000        0.01427100
 20.97000000        0.01445300
 20.98000000        0.01463500
 20.99000000        0.01481700
 21.00000000        0.01500000
 21.01000000        0.01518200
 21.02000000        0.01536500
 21.03000000        0.01554900
 21.04000000        0.01573300
 21.05000000        0.01591700
 21.06000000        0.01610100
 21.07000000        0.01628600
 21.08000000        0.01647000
 21.09000000        0.01665500
 21.10000000        0.01684100
 21.11000000        0.01702600
 21.12000000        0.01721200
 21.13000000        0.01739800
 21.14000000        0.01758500
 21.15000000        0.01777200
 21.16000000        0.01795800
 21.17000000        0.01814700
 21.18000000        0.01833400
 21.19000000        0.01852200
 21.20000000        0.01871000
 21.21000000        0.01889800
 21.22000000        0.01908700
 21.23000000        0.01927700
 21.24000000        0.01946600
 21.25000000        0.01965500
 21.26000000        0.01984500
 21.27000000        0.02003500
 21.28000000        0.02022600
 21.29000000        0.02041700
 21.30000000        0.02060700
 21.31000000        0.02079900
 21.32000000        0.02099100
 21.33000000        0.02118300
 21.34000000        0.02137400
 21.35000000        0.02156700
 21.36000000        0.02175900
 21.37000000        0.02195200
 21.38000000        0.02214500
 21.39000000        0.02233800
 21.40000000        0.02253200
 21.41000000        0.02272600
 21.42000000        0.02292000
 21.43000000        0.02311400
 21.44000000        0.02330900
 21.45000000        0.02350300
 21.46000000        0.02369800
 21.47000000        0.02389400
 21.48000000        0.02408900
 21.49000000        0.02428400
 21.50000000        0.02448000
 21.51000000        0.02467600
 21.52000000        0.02487200
 21.53000000        0.02506800
 21.54000000        0.02526500
 21.55000000        0.02546100
 21.56000000        0.02565800
 21.57000000        0.02585400
 21.58000000        0.02605100
 21.59000000        0.02624800
 21.60000000        0.02644500
 21.61000000        0.02664200
 21.62000000        0.02683900
 21.63000000        0.02703600
 21.64000000        0.02723300
 21.65000000        0.02742900
 21.66000000        0.02762600
 21.67000000        0.02782300
 21.68000000        0.02802000
 21.69000000        0.02821700
 21.70000000        0.02841400
 21.71000000        0.02861100
 21.72000000        0.02880700
 21.73000000        0.02900300
 21.74000000        0.02920000
 21.75000000        0.02939600
 21.76000000        0.02959200
 21.77000000        0.02978700
 21.78000000        0.02998200
 21.79000000        0.03017800
 21.80000000        0.03037200
 21.81000000        0.03056600
 21.82000000        0.03076100
 21.83000000        0.03095400
 21.84000000        0.03114700
 21.85000000        0.03134000
 21.86000000        0.03153200
 21.87000000        0.03172400
 21.88000000        0.03191500
 21.89000000        0.03210500
 21.90000000        0.03229400
 21.91000000        0.03248300
 21.92000000        0.03267100
 21.93000000        0.03285900
 21.94000000        0.03304600
 21.95000000        0.03323100
 21.96000000        0.03341600
 21.97000000        0.03360000
 21.98000000        0.03378300
 21.99000000        0.03396400
 22.00000000        0.03414500
 22.01000000        0.03432500
 22.02000000        0.03450200
 22.03000000        0.03468000
 22.04000000        0.03485500
 22.05000000        0.03502900
 22.06000000        0.03520200
 22.07000000        0.03537300
 22.08000000        0.03554200
 22.09000000        0.03570900
 22.10000000        0.03587500
 22.11000000        0.03603900
 22.12000000        0.03620100
 22.13000000        0.03636100
 22.14000000        0.03651900
 22.15000000        0.03667500
 22.16000000        0.03682800
 22.17000000        0.03697900
 22.18000000        0.03712800
 22.19000000        0.03727400
 22.20000000        0.03741700
 22.21000000        0.03755800
 22.22000000        0.03769600
 22.23000000        0.03783000
 22.24000000        0.03796200
 22.25000000        0.03809000
 22.26000000        0.03821500
 22.27000000        0.03833700
 22.28000000        0.03845400
 22.29000000        0.03856900
 22.30000000        0.03867900
 22.31000000        0.03878600
 22.32000000        0.03888800
 22.33000000        0.03898600
 22.34000000        0.03908000
 22.35000000        0.03916800
 22.36000000        0.03925300
 22.37000000        0.03933300
 22.38000000        0.03940700
 22.39000000        0.03947700
 22.40000000        0.03954100
 22.41000000        0.03960000
 22.42000000        0.03965200
 22.43000000        0.03970000
 22.44000000        0.03974100
 22.45000000        0.03977600
 22.46000000        0.03980400
 22.47000000        0.03982600
 22.48000000        0.03984000
 22.49000000        0.03984800
 22.50000000        0.03984900
 22.51000000        0.03984200
 22.52000000        0.03982800
 22.53000000        0.03980600
 22.54000000        0.03977500
 22.55000000        0.03973700
 22.56000000        0.03969000
 22.57000000        0.03963500
 22.58000000        0.03957000
 22.59000000        0.03949700
 22.60000000        0.03941400
 22.61000000        0.03932100
 22.62000000        0.03921900
 22.63000000        0.03910600
 22.64000000        0.03898300
 22.65000000        0.03885000
 22.66000000        0.03870600
 22.67000000        0.03855100
 22.68000000        0.03838400
 22.69000000        0.03820700
 22.70000000        0.03801700
 22.71000000        0.03781700
 22.72000000        0.03760300
 22.73000000        0.03737700
 22.74000000        0.03713900
 22.75000000        0.03688700
 22.76000000        0.03662300
 22.77000000        0.03634500
 22.78000000        0.03605400
 22.79000000        0.03574900
 22.80000000        0.03543200
 22.81000000        0.03509900
 22.82000000        0.03475200
 22.83000000        0.03439100
 22.84000000        0.03401600
 22.85000000        0.03362600
 22.86000000        0.03322100
 22.87000000        0.03280100
 22.88000000        0.03236600
 22.89000000        0.03191600
 22.90000000        0.03145100
 22.91000000        0.03097100
 22.92000000        0.03047600
 22.93000000        0.02996400
 22.94000000        0.02943800
 22.95000000        0.02889700
 22.96000000        0.02833900
 22.97000000        0.02776700
 22.98000000        0.02717900
 22.99000000        0.02657700
 23.00000000        0.02595800
 23.01000000        0.02532600
 23.02000000        0.02467700
 23.03000000        0.02401500
 23.04000000        0.02333900
 23.05000000        0.02264700
 23.06000000        0.02194200
 23.07000000        0.02122300
 23.08000000        0.02049000
 23.09000000        0.01974400
 23.10000000        0.01898500
 23.11000000        0.01821500
 23.12000000        0.01743000
 23.13000000        0.01663600
 23.14000000        0.01582900
 23.15000000        0.01501200
 23.16000000        0.01418400
 23.17000000        0.01334600
 23.18000000        0.01249900
 23.19000000        0.01164300
 23.20000000        0.01077800
 23.21000000        0.00990600
 23.22000000        0.00902600
 23.23000000        0.00814000
 23.24000000        0.00724800
 23.25000000        0.00635000
 23.26000000        0.00544900
 23.27000000        0.00454200
 23.28000000        0.00363300
 23.29000000        0.00272000
 23.30000000        0.00180600
 23.31000000        0.00089000
 23.32000000        0.00002700
 23.33000000        0.00094300
 23.34000000        0.00185900
 23.35000000        0.00277300
 23.36000000        0.00368600
 23.37000000        0.00459500
 23.38000000        0.00550100
 23.39000000        0.00640300
 23.40000000        0.00730000
 23.41000000        0.00819200
 23.42000000        0.00907700
 23.43000000        0.00995600
 23.44000000        0.01082800
 23.45000000        0.01169100
 23.46000000        0.01254600
 23.47000000        0.01339200
 23.48000000        0.01422800
 23.49000000        0.01505500
 23.50000000        0.01587000
 23.51000000        0.01667400
 23.52000000        0.01746700
 23.53000000        0.01824800
 23.54000000        0.01901600
 23.55000000        0.01977200
 23.56000000        0.02051400
 23.57000000        0.02124300
 23.58000000        0.02195800
 23.59000000        0.02265800
 23.60000000        0.02334400
 23.61000000        0.02401600
 23.62000000        0.02467200
 23.63000000        0.02531300
 23.64000000        0.02594000
 23.65000000        0.02655000
 23.66000000        0.02714500
 23.67000000        0.02772400
 23.68000000        0.02828800
 23.69000000        0.02883500
 23.70000000        0.02936700
 23.71000000        0.02988300
 23.72000000        0.03038300
 23.73000000        0.03086600
 23.74000000        0.03133500
 23.75000000        0.03178700
 23.76000000        0.03222400
 23.77000000        0.03264400
 23.78000000        0.03305100
 23.79000000        0.03344000
 23.80000000        0.03381400
 23.81000000        0.03417400
 23.82000000        0.03451800
 23.83000000        0.03484700
 23.84000000        0.03516200
 23.85000000        0.03546200
 23.86000000        0.03574800
 23.87000000        0.03602000
 23.88000000        0.03627700
 23.89000000        0.03652100
 23.90000000        0.03675200
 23.91000000        0.03696900
 23.92000000        0.03717200
 23.93000000        0.03736400
 23.94000000        0.03754200
 23.95000000        0.03770800
 23.96000000        0.03786200
 23.97000000        0.03800400
 23.98000000        0.03813400
 23.99000000        0.03825300
 24.00000000        0.03836100
 24.01000000        0.03845800
 24.02000000        0.03854400
 24.03000000        0.03862000
 24.04000000        0.03868500
 24.05000000        0.03874000
 24.06000000        0.03878600
 24.07000000        0.03882300
 24.08000000        0.03885000
 24.09000000        0.03886700
 24.10000000        0.03887700
 24.11000000        0.03887700
 24.12000000        0.03887000
 24.13000000        0.03885500
 24.14000000        0.03883100
 24.15000000        0.03880000
 24.16000000        0.03876100
 24.17000000        0.03871500
 24.18000000        0.03866300
 24.19000000        0.03860300
 24.20000000        0.03853600
 24.21000000        0.03846400
 24.22000000        0.03838500
 24.23000000        0.03830000
 24.24000000        0.03820900
 24.25000000        0.03811300
 24.26000000        0.03801100
 24.27000000        0.03790400
 24.28000000        0.03779000
 24.29000000        0.03767300
 24.30000000        0.03755200
 24.31000000        0.03742400
 24.32000000        0.03729300
 24.33000000        0.03715700
 24.34000000        0.03701700
 24.35000000        0.03687300
 24.36000000        0.03672500
 24.37000000        0.03657400
 24.38000000        0.03641800
 24.39000000        0.03625800
 24.40000000        0.03609600
 24.41000000        0.03593100
 24.42000000        0.03576200
 24.43000000        0.03559000
 24.44000000        0.03541600
 24.45000000        0.03523800
 24.46000000        0.03505800
 24.47000000        0.03487500
 24.48000000        0.03469000
 24.49000000        0.03450200
 24.50000000        0.03431200
 24.51000000        0.03411900
 24.52000000        0.03392400
 24.53000000        0.03372800
 24.54000000        0.03353000
 24.55000000        0.03332900
 24.56000000        0.03312800
 24.57000000        0.03292300
 24.58000000        0.03271700
 24.59000000        0.03251100
 24.60000000        0.03230200
 24.61000000        0.03209200
 24.62000000        0.03188000
 24.63000000        0.03166800
 24.64000000        0.03145300
 24.65000000        0.03123800
 24.66000000        0.03102200
 24.67000000        0.03080500
 24.68000000        0.03058600
 24.69000000        0.03036600
 24.70000000        0.03014500
 24.71000000        0.02992400
 24.72000000        0.02970200
 24.73000000        0.02947900
 24.74000000        0.02925500
 24.75000000        0.02903100
 24.76000000        0.02880600
 24.77000000        0.02858000
 24.78000000        0.02835400
 24.79000000        0.02812700
 24.80000000        0.02790000
 24.81000000        0.02767200
 24.82000000        0.02744400
 24.83000000        0.02721400
 24.84000000        0.02698500
 24.85000000        0.02675600
 24.86000000        0.02652600
 24.87000000        0.02629600
 24.88000000        0.02606500
 24.89000000        0.02583400
 24.90000000        0.02560400
 24.91000000        0.02537300
 24.92000000        0.02514100
 24.93000000        0.02490900
 24.94000000        0.02467800
 24.95000000        0.02444600
 24.96000000        0.02421400
 24.97000000        0.02398200
 24.98000000        0.02375100
 24.99000000        0.02351800
 25.00000000        0.02328600
 25.01000000        0.02305300
 25.02000000        0.02282200
 25.03000000        0.02258900
 25.04000000        0.02235700
 25.05000000        0.02212500
 25.06000000        0.02189200
 25.07000000        0.02166000
 25.08000000        0.02142800
 25.09000000        0.02119700
 25.10000000        0.02096400
 25.11000000        0.02073200
 25.12000000        0.02050100
 25.13000000        0.02026900
 25.14000000        0.02003800
 25.15000000        0.01980700
 25.16000000        0.01957500
 25.17000000        0.01934400
 25.18000000        0.01911300
 25.19000000        0.01888200
 25.20000000        0.01865100
 25.21000000        0.01842100
 25.22000000        0.01819000
 25.23000000        0.01796000
 25.24000000        0.01773000
 25.25000000        0.01750000
 25.26000000        0.01727000
 25.27000000        0.01704000
 25.28000000        0.01681100
 25.29000000        0.01658200
 25.30000000        0.01635400
 25.31000000        0.01612400
 25.32000000        0.01589600
 25.33000000        0.01566700
 25.34000000        0.01543900
 25.35000000        0.01521100
 25.36000000        0.01498400
 25.37000000        0.01475500
 25.38000000        0.01452800
 25.39000000        0.01430100
 25.40000000        0.01407400
 25.41000000        0.01384700
 25.42000000        0.01362100
 25.43000000        0.01339400
 25.44000000        0.01316800
 25.45000000        0.01294200
 25.46000000        0.01271600
 25.47000000        0.01249100
 25.48000000        0.01226400
 25.49000000        0.01203900
 25.50000000        0.01181400
 25.51000000        0.01159000
 25.52000000        0.01136500
 25.53000000        0.01114000
 25.54000000        0.01091600
 25.55000000        0.01069200
 25.56000000        0.01046800
 25.57000000        0.01024400
 25.58000000        0.01002000
 25.59000000        0.00979600
 25.60000000        0.00957300
 25.61000000        0.00935000
 25.62000000        0.00912700
 25.63000000        0.00890400
 25.64000000        0.00868200
 25.65000000        0.00845900
 25.66000000        0.00823700
 25.67000000        0.00801500
 25.68000000        0.00779300
 25.69000000        0.00757100
 25.70000000        0.00734900
 25.71000000        0.00712800
 25.72000000        0.00690600
 25.73000000        0.00668500
 25.74000000        0.00646300
 25.75000000        0.00624200
 25.76000000        0.00602100
 25.77000000        0.00580100
 25.78000000        0.00558000
 25.79000000        0.00535900
 25.80000000        0.00513800
 25.81000000        0.00491800
 25.82000000        0.00469800
 25.83000000        0.00447700
 25.84000000        0.00425800
 25.85000000        0.00403700
 25.86000000        0.00381700
 25.87000000        0.00359700
 25.88000000        0.00337700
 25.89000000        0.00315700
 25.90000000        0.00293800
 25.91000000        0.00271800
 25.92000000        0.00249800
 25.93000000        0.00227900
 25.94000000        0.00205900
 25.95000000        0.00184000
 25.96000000        0.00162000
 25.97000000        0.00140100
 25.98000000        0.00118100
 25.99000000        0.00096200
 26.00000000        0.00074200
 26.01000000        0.00052400
 26.02000000        0.00030400
 26.03000000        0.00008500
 26.04000000        0.00013500
 26.05000000        0.00035400
 26.06000000        0.00057400
 26.07000000        0.00079200
 26.08000000        0.00101200
 26.09000000        0.00123100
 26.10000000        0.00145100
 26.11000000        0.00167000
 26.12000000        0.00189000
 26.13000000        0.00210900
 26.14000000        0.00232900
 26.15000000        0.00254900
 26.16000000        0.00276800
 26.17000000        0.00298800
 26.18000000        0.00320800
 26.19000000        0.00342700
 26.20000000        0.00364700
 26.21000000        0.00386700
 26.22000000        0.00408800
 26.23000000        0.00430800
 26.24000000        0.00452800
 26.25000000        0.00474800
 26.26000000        0.00496800
 26.27000000        0.00518900
 26.28000000        0.00541000
 26.29000000        0.00563100
 26.30000000        0.00585200
 26.31000000        0.00607200
 26.32000000        0.00629400
 26.33000000        0.00651500
 26.34000000        0.00673700
 26.35000000        0.00695800
 26.36000000        0.00717900
 26.37000000        0.00740200
 26.38000000        0.00762300
 26.39000000        0.00784500
 26.40000000        0.00806700
 26.41000000        0.00829100
 26.42000000        0.00851300
 26.43000000        0.00873600
 26.44000000        0.00895800
 26.45000000        0.00918200
 26.46000000        0.00940500
 26.47000000        0.00962800
 26.48000000        0.00985300
 26.49000000        0.01007600
 26.50000000        0.01030100
 26.51000000        0.01052500
 26.52000000        0.01075000
 26.53000000        0.01097500
 26.54000000        0.01119900
 26.55000000        0.01142400
 26.56000000        0.01165100
 26.57000000        0.01187600
 26.58000000        0.01210100
 26.59000000        0.01232800
 26.60000000        0.01255400
 26.61000000        0.01278100
 26.62000000        0.01300800
 26.63000000        0.01323500
 26.64000000        0.01346300
 26.65000000        0.01369100
 26.66000000        0.01391800
 26.67000000        0.01414700
 26.68000000        0.01437500
 26.69000000        0.01460400
 26.70000000        0.01483300
 26.71000000        0.01506300
 26.72000000        0.01529300
 26.73000000        0.01552300
 26.74000000        0.01575300
 26.75000000        0.01598300
 26.76000000        0.01621400
 26.77000000        0.01644500
 26.78000000        0.01667600
 26.79000000        0.01690900
 26.80000000        0.01714100
 26.81000000        0.01737300
 26.82000000        0.01760600
 26.83000000        0.01783900
 26.84000000        0.01807300
 26.85000000        0.01830700
 26.86000000        0.01854100
 26.87000000        0.01877500
 26.88000000        0.01900900
 26.89000000        0.01924500
 26.90000000        0.01948000
 26.91000000        0.01971600
 26.92000000        0.01995100
 26.93000000        0.02018900
 26.94000000        0.02042500
 26.95000000        0.02066200
 26.96000000        0.02089900
 26.97000000        0.02113700
 26.98000000        0.02137500
 26.99000000        0.02161300
 27.00000000        0.02185300
 27.01000000        0.02209200
 27.02000000        0.02233100
 27.03000000        0.02257200
 27.04000000        0.02281100
 27.05000000        0.02305200
 27.06000000        0.02329300
 27.07000000        0.02353400
 27.08000000        0.02377600
 27.09000000        0.02401800
 27.10000000        0.02426000
 27.11000000        0.02450300
 27.12000000        0.02474600
 27.13000000        0.02498900
 27.14000000        0.02523300
 27.15000000        0.02547600
 27.16000000        0.02572100
 27.17000000        0.02596500
 27.18000000        0.02621000
 27.19000000        0.02645500
 27.20000000        0.02670100
 27.21000000        0.02694700
 27.22000000        0.02719200
 27.23000000        0.02743900
 27.24000000        0.02768600
 27.25000000        0.02793200
 27.26000000        0.02818000
 27.27000000        0.02842700
 27.28000000        0.02867500
 27.29000000        0.02892300
 27.30000000        0.02917100
 27.31000000        0.02942000
 27.32000000        0.02966900
 27.33000000        0.02991800
 27.34000000        0.03016700
 27.35000000        0.03041600
 27.36000000        0.03066600
 27.37000000        0.03091500
 27.38000000        0.03116600
 27.39000000        0.03141500
 27.40000000        0.03166600
 27.41000000        0.03191500
 27.42000000        0.03216600
 27.43000000        0.03241700
 27.44000000        0.03266700
 27.45000000        0.03291800
 27.46000000        0.03316800
 27.47000000        0.03342000
 27.48000000        0.03367000
 27.49000000        0.03392100
 27.50000000        0.03417100
 27.51000000        0.03442100
 27.52000000        0.03467300
 27.53000000        0.03492300
 27.54000000        0.03517300
 27.55000000        0.03542300
 27.56000000        0.03567300
 27.57000000        0.03592300
 27.58000000        0.03617200
 27.59000000        0.03642200
 27.60000000        0.03667100
 27.61000000        0.03691900
 27.62000000        0.03716800
 27.63000000        0.03741500
 27.64000000        0.03766300
 27.65000000        0.03791000
 27.66000000        0.03815600
 27.67000000        0.03840200
 27.68000000        0.03864800
 27.69000000        0.03889200
 27.70000000        0.03913600
 27.71000000        0.03938000
 27.72000000        0.03962200
 27.73000000        0.03986400
 27.74000000        0.04010500
 27.75000000        0.04034500
 27.76000000        0.04058400
 27.77000000        0.04082200
 27.78000000        0.04105900
 27.79000000        0.04129500
 27.80000000        0.04152900
 27.81000000        0.04176300
 27.82000000        0.04199500
 27.83000000        0.04222600
 27.84000000        0.04245600
 27.85000000        0.04268300
 27.86000000        0.04290900
 27.87000000        0.04313400
 27.88000000        0.04335700
 27.89000000        0.04357700
 27.90000000        0.04379600
 27.91000000        0.04401300
 27.92000000        0.04422800
 27.93000000        0.04444000
 27.94000000        0.04465100
 27.95000000        0.04485900
 27.96000000        0.04506400
 27.97000000        0.04526700
 27.98000000        0.04546700
 27.99000000        0.04566500
 28.00000000        0.04585900
 28.01000000        0.04605000
 28.02000000        0.04623800
 28.03000000        0.04642300
 28.04000000        0.04660600
 28.05000000        0.04678300
 28.06000000        0.04695700
 28.07000000        0.04712800
 28.08000000        0.04729500
 28.09000000        0.04745700
 28.10000000        0.04761600
 28.11000000        0.04776900
 28.12000000        0.04791800
 28.13000000        0.04806200
 28.14000000        0.04820200
 28.15000000        0.04833600
 28.16000000        0.04846600
 28.17000000        0.04859000
 28.18000000        0.04870800
 28.19000000        0.04882100
 28.20000000        0.04892700
 28.21000000        0.04902700
 28.22000000        0.04912100
 28.23000000        0.04920800
 28.24000000        0.04928900
 28.25000000        0.04936300
 28.26000000        0.04942900
 28.27000000        0.04948700
 28.28000000        0.04953800
 28.29000000        0.04958200
 28.30000000        0.04961600
 28.31000000        0.04964300
 28.32000000        0.04966100
 28.33000000        0.04966900
 28.34000000        0.04966900
 28.35000000        0.04966000
 28.36000000        0.04964100
 28.37000000        0.04961100
 28.38000000        0.04957200
 28.39000000        0.04952200
 28.40000000        0.04946100
 28.41000000        0.04938900
 28.42000000        0.04930600
 28.43000000        0.04921100
 28.44000000        0.04910500
 28.45000000        0.04898600
 28.46000000        0.04885400
 28.47000000        0.04871000
 28.48000000        0.04855400
 28.49000000        0.04838300
 28.50000000        0.04819900
 28.51000000        0.04800000
 28.52000000        0.04778800
 28.53000000        0.04756100
 28.54000000        0.04731900
 28.55000000        0.04706300
 28.56000000        0.04679000
 28.57000000        0.04650200
 28.58000000        0.04619800
 28.59000000        0.04587800
 28.60000000        0.04554200
 28.61000000        0.04518900
 28.62000000        0.04481800
 28.63000000        0.04443100
 28.64000000        0.04402500
 28.65000000        0.04360400
 28.66000000        0.04316300
 28.67000000        0.04270400
 28.68000000        0.04222700
 28.69000000        0.04173300
 28.70000000        0.04121800
 28.71000000        0.04068600
 28.72000000        0.04013400
 28.73000000        0.03956300
 28.74000000        0.03897400
 28.75000000        0.03836500
 28.76000000        0.03773700
 28.77000000        0.03709000
 28.78000000        0.03642300
 28.79000000        0.03573700
 28.80000000        0.03503200
 28.81000000        0.03430800
 28.82000000        0.03356500
 28.83000000        0.03280300
 28.84000000        0.03202100
 28.85000000        0.03122200
 28.86000000        0.03040300
 28.87000000        0.02956700
 28.88000000        0.02871200
 28.89000000        0.02784000
 28.90000000        0.02695000
 28.91000000        0.02604300
 28.92000000        0.02512000
 28.93000000        0.02418000
 28.94000000        0.02322400
 28.95000000        0.02225200
 28.96000000        0.02126600
 28.97000000        0.02026600
 28.98000000        0.01925100
 28.99000000        0.01822200
 29.00000000        0.01718200
 29.01000000        0.01612900
 29.02000000        0.01506500
 29.03000000        0.01398900
 29.04000000        0.01290400
 29.05000000        0.01181000
 29.06000000        0.01070700
 29.07000000        0.00959500
 29.08000000        0.00847700
 29.09000000        0.00735300
 29.10000000        0.00622300
 29.11000000        0.00508800
 29.12000000        0.00395000
 29.13000000        0.00280800
 29.14000000        0.00166500
 29.15000000        0.00052000
 29.16000000        0.00062500
 29.17000000        0.00177000
 29.18000000        0.00291300
 29.19000000        0.00405400
 29.20000000        0.00519200
 29.21000000        0.00632700
 29.22000000        0.00745600
 29.23000000        0.00857900
 29.24000000        0.00969700
 29.25000000        0.01080700
 29.26000000        0.01191000
 29.27000000        0.01300300
 29.28000000        0.01408600
 29.29000000        0.01516100
 29.30000000        0.01622300
 29.31000000        0.01727400
 29.32000000        0.01831200
 29.33000000        0.01933800
 29.34000000        0.02035100
 29.35000000        0.02134900
 29.36000000        0.02233100
 29.37000000        0.02329900
 29.38000000        0.02425100
 29.39000000        0.02518700
 29.40000000        0.02610600
 29.41000000        0.02700800
 29.42000000        0.02789200
 29.43000000        0.02875900
 29.44000000        0.02960700
 29.45000000        0.03043700
 29.46000000        0.03124900
 29.47000000        0.03204100
 29.48000000        0.03281500
 29.49000000        0.03356800
 29.50000000        0.03430200
 29.51000000        0.03501700
 29.52000000        0.03571100
 29.53000000        0.03638700
 29.54000000        0.03704300
 29.55000000        0.03767900
 29.56000000        0.03829500
 29.57000000        0.03889100
 29.58000000        0.03946600
 29.59000000        0.04002300
 29.60000000        0.04056000
 29.61000000        0.04107800
 29.62000000        0.04157600
 29.63000000        0.04205600
 29.64000000        0.04251500
 29.65000000        0.04295700
 29.66000000        0.04338000
 29.67000000        0.04378400
 29.68000000        0.04417000
 29.69000000        0.04453800
 29.70000000        0.04488900
 29.71000000        0.04522200
 29.72000000        0.04553700
 29.73000000        0.04583600
 29.74000000        0.04611700
 29.75000000        0.04638300
 29.76000000        0.04663300
 29.77000000        0.04686600
 29.78000000        0.04708400
 29.79000000        0.04728700
 29.80000000        0.04747400
 29.81000000        0.04764700
 29.82000000        0.04780600
 29.83000000        0.04795000
 29.84000000        0.04808100
 29.85000000        0.04819800
 29.86000000        0.04830200
 29.87000000        0.04839400
 29.88000000        0.04847200
 29.89000000        0.04854000
 29.90000000        0.04859400
 29.91000000        0.04863700
 29.92000000        0.04866900
 29.93000000        0.04868900
 29.94000000        0.04869900
 29.95000000        0.04869800
 29.96000000        0.04868700
 29.97000000        0.04866600
 29.98000000        0.04863600
 29.99000000        0.04859500
